#DataThief C:\Users\Emanuele Leonardi\Dropbox\PADME\PADMEMC\Materials and OpticalPhotons\BGOScintSpectrum.png martedì 19-set-2017 9:20:42 AM
374.4588, 0.017
376.0236, 0.0215
376.8056, 0.026
377.5875, 0.0305
379.1482, 0.0577
379.9302, 0.0622
380.7122, 0.0667
381.4934, 0.0757
383.0573, 0.0848
383.8393, 0.0893
384.6205, 0.0984
386.1844, 0.1074
386.9656, 0.1164
387.7476, 0.121
388.5295, 0.1255
390.0927, 0.1391
390.8747, 0.1436
391.6558, 0.1526
393.219, 0.1662
394.0009, 0.1707
394.7821, 0.1798
395.5641, 0.1843
397.1272, 0.1978
397.9083, 0.2069
398.6896, 0.2159
399.4715, 0.2205
401.0339, 0.2385
401.8151, 0.2476
402.5962, 0.2566
404.1586, 0.2747
404.9397, 0.2838
405.7208, 0.2928
406.5021, 0.3018
408.0644, 0.3199
408.8448, 0.3335
409.6259, 0.3425
411.1875, 0.3652
411.9687, 0.3742
412.7498, 0.3832
413.5302, 0.3968
415.0917, 0.4194
415.8729, 0.4285
416.6533, 0.442
418.2147, 0.4646
418.9968, 0.4692
419.7779, 0.4782
420.5575, 0.4963
422.119, 0.5189
422.8994, 0.5325
423.6806, 0.5415
424.4617, 0.5506
426.0233, 0.5732
426.8044, 0.5822
427.5848, 0.5958
429.1463, 0.6183
429.9275, 0.6274
430.7086, 0.6364
431.4899, 0.6455
433.0514, 0.6681
433.8326, 0.6772
434.6137, 0.6862
436.1761, 0.7043
436.9572, 0.7134
437.7376, 0.7269
438.5188, 0.736
440.0811, 0.7541
440.8622, 0.7631
441.6435, 0.7721
443.2058, 0.7902
443.987, 0.7993
444.7681, 0.8083
445.5493, 0.8174
447.1116, 0.8355
447.8928, 0.8445
448.6747, 0.849
450.2371, 0.8671
451.0183, 0.8761
451.8003, 0.8807
452.5814, 0.8897
454.1446, 0.9033
454.9266, 0.9078
455.7085, 0.9123
456.4897, 0.9214
458.0528, 0.9348
458.8348, 0.9395
459.6168, 0.944
461.1807, 0.9529
461.9627, 0.9576
462.7447, 0.9621
463.5274, 0.9621
465.0914, 0.971
465.8742, 0.971
466.657, 0.971
468.2217, 0.9756
469.0037, 0.9802
469.7865, 0.9802
470.5685, 0.9847
472.1332, 0.9891
472.916, 0.9891
473.698, 0.9937
474.4807, 0.9937
476.0455, 0.9983
476.8283, 0.9983
477.6103, 1.0028
479.1758, 1.0028
479.9586, 1.0028
480.7414, 1.0028
481.5241, 1.0028
483.0897, 1.0028
483.8725, 1.0028
484.6553, 1.0028
486.2216, 0.9983
487.0044, 0.9983
487.788, 0.9937
488.5708, 0.9937
490.1371, 0.9891
490.9207, 0.9847
491.7043, 0.9802
492.487, 0.9802
494.0534, 0.9756
494.837, 0.971
495.6206, 0.9666
497.1878, 0.9576
497.9714, 0.9529
498.7541, 0.9529
499.5377, 0.9485
501.1049, 0.9395
501.8885, 0.9348
502.672, 0.9304
504.2392, 0.9214
505.0228, 0.9169
505.8064, 0.9123
506.5899, 0.9078
508.1571, 0.8988
508.9407, 0.8942
509.7235, 0.8942
510.5095, 0.8761
512.0767, 0.8671
512.8601, 0.8626
513.643, 0.8626
515.2102, 0.8535
515.9938, 0.849
516.7774, 0.8445
517.5609, 0.8399
519.1297, 0.8218
519.9125, 0.8218
520.6961, 0.8174
521.4797, 0.8128
523.0468, 0.8037
523.8312, 0.7948
524.6148, 0.7902
526.1828, 0.7767
526.9663, 0.7721
527.7507, 0.7631
528.5343, 0.7586
530.1031, 0.7405
530.8875, 0.7314
531.6719, 0.7224
533.2398, 0.7088
534.0234, 0.7043
534.8077, 0.6953
535.5914, 0.6907
537.1594, 0.6772
537.9438, 0.6681
538.7273, 0.6636
539.5117, 0.6545
541.0789, 0.6455
541.8633, 0.6364
542.6469, 0.632
544.2147, 0.6183
544.9984, 0.6139
545.782, 0.6094
546.5655, 0.6048
548.1336, 0.5913
548.9171, 0.5867
549.7015, 0.5777
550.4851, 0.5732
552.0531, 0.5596
552.8367, 0.5551
553.6211, 0.546
555.1882, 0.537
555.9718, 0.5325
556.7562, 0.5234
557.5398, 0.5189
559.1069, 0.5099
559.8904, 0.5053
560.6749, 0.4963
562.2421, 0.4873
563.0257, 0.4827
563.8092, 0.4782
564.5928, 0.4737
566.1608, 0.4601
566.9444, 0.4556
567.728, 0.4511
568.5116, 0.4466
570.0787, 0.4375
570.8622, 0.433
571.6459, 0.4285
573.2131, 0.4194
573.9966, 0.4149
574.7802, 0.4104
575.5638, 0.4059
577.131, 0.3968
577.9146, 0.3923
578.6981, 0.3878
579.4817, 0.3832
581.0489, 0.3742
581.8325, 0.3697
582.616, 0.3652
584.1832, 0.3561
584.9668, 0.3516
585.7496, 0.3516
586.5332, 0.3471
588.1003, 0.338
588.8839, 0.3335
589.6675, 0.329
591.2347, 0.3199
592.0183, 0.3154
592.8018, 0.3109
593.5846, 0.3109
595.1518, 0.3018
595.9354, 0.2973
596.7189, 0.2928
597.5025, 0.2883
599.0697, 0.2792
599.8533, 0.2747
600.6369, 0.2702
602.204, 0.2612
602.9868, 0.2612
603.7704, 0.2566
604.554, 0.2521
606.1203, 0.2476
606.9039, 0.2431
607.6875, 0.2385
608.4711, 0.234
610.0383, 0.225
610.8218, 0.2205
611.6046, 0.2205
613.1718, 0.2114
613.9554, 0.2069
614.7389, 0.2024
615.5217, 0.2024
617.0889, 0.1933
617.8725, 0.1888
618.6553, 0.1888
620.2224, 0.1798
621.006, 0.1752
621.7888, 0.1752
622.5724, 0.1707
624.1387, 0.1662
624.9223, 0.1617
625.7059, 0.1571
626.4895, 0.1526
628.0558, 0.1481
628.8394, 0.1436
629.6221, 0.1436
631.1894, 0.1345
631.9722, 0.1345
632.7557, 0.13
633.5385, 0.13
635.1057, 0.121
635.8893, 0.1164
635.8893, 0.1164
