250.03836	 0.13141
250.03774	 0.26281
250.03713	 0.39422
250.03651	 0.52562
250.50355	 0.65703
250.97059	 0.78844
250.96998	 0.91984
251.43702	 1.05125
251.4364	 1.18265
251.43579	 1.31406
251.90283	 1.44547
251.90221	 1.57687
251.9016	 1.70828
252.36864	 1.83968
252.36802	 1.97109
252.83506	 2.1025
252.83445	 2.2339
252.83382	 2.36531
253.30087	 2.49671
253.30026	 2.62812
253.29964	 2.75953
253.29903	 2.89093
253.76607	 3.02234
253.76545	 3.15375
253.76484	 3.28515
254.23188	 3.41656
254.23126	 3.54796
254.23065	 3.67937
254.23004	 3.81077
254.22942	 3.94218
254.22881	 4.07359
254.69585	 4.20499
254.69523	 4.3364
254.69462	 4.46781
254.694	 4.59921
254.69339	 4.73062
254.69276	 4.86202
254.69215	 4.99343
254.69154	 5.12484
255.15858	 5.25624
255.15797	 5.38765
255.15735	 5.51905
255.15674	 5.65046
255.15613	 5.78187
255.15551	 5.91327
255.1549	 6.04468
255.62194	 6.17608
255.62131	 6.30749
255.6207	 6.4389
255.62009	 6.5703
255.61948	 6.7017
255.61886	 6.83311
255.61825	 6.96452
255.61763	 7.09593
255.61702	 7.22733
256.08406	 7.35874
256.08344	 7.49014
256.08283	 7.62155
256.08222	 7.75295
256.0816	 7.88436
256.54864	 8.01577
256.54803	 8.14717
256.54741	 8.27858
256.5468	 8.40999
256.54618	 8.54139
256.54557	 8.6728
257.01261	 8.8042
257.01199	 8.93561
257.01138	 9.06702
257.01076	 9.19842
257.01015	 9.32983
257.47719	 9.46124
257.47657	 9.59263
257.47596	 9.72405
257.47534	 9.85545
257.47473	 9.98686
257.47412	 10.11827
257.4735	 10.24967
257.94054	 10.38107
257.93993	 10.51248
257.9393	 10.64388
257.93869	 10.7753
257.93808	 10.90669
257.93747	 11.03811
257.93685	 11.16951
257.93624	 11.30092
257.93562	 11.43232
257.93501	 11.56373
257.9344	 11.69513
257.93378	 11.82654
257.93317	 11.95794
258.40021	 12.08936
258.39959	 12.22076
258.39898	 12.35217
258.39836	 12.48357
258.39775	 12.61498
258.39713	 12.74638
258.39652	 12.87779
258.3959	 13.0092
258.39529	 13.1406
258.39467	 13.272
258.39406	 13.40342
258.8611	 13.53481
258.86049	 13.66623
258.85987	 13.79762
258.85926	 13.92904
258.85863	 14.06045
258.85802	 14.19185
258.85741	 14.32325
258.8568	 14.45466
258.85618	 14.58606
259.32322	 14.71748
259.32261	 14.84887
259.32199	 14.98029
259.32138	 15.1117
259.32076	 15.2431
259.32015	 15.37451
259.78718	 15.50591
259.78657	 15.63731
259.78596	 15.76873
259.78535	 15.90012
259.78473	 16.03154
260.25177	 16.16294
260.25116	 16.29435
260.25054	 16.42576
260.24993	 16.55716
260.24931	 16.68857
260.2487	 16.81997
260.71574	 16.95138
260.71512	 17.08279
260.71451	 17.21418
260.71389	 17.3456
260.71328	 17.47699
260.71267	 17.60841
260.71205	 17.73982
260.71144	 17.87122
260.71082	 18.00263
260.71021	 18.13403
260.70959	 18.26544
261.17663	 18.39685
261.17602	 18.52824
261.1754	 18.65966
261.17479	 18.79105
261.17417	 18.92247
261.17356	 19.05388
261.17294	 19.18528
261.17233	 19.31669
261.63937	 19.44809
261.63876	 19.5795
261.63814	 19.71091
261.63753	 19.84231
261.6369	 19.97372
261.63629	 20.10512
261.63568	 20.23653
261.63507	 20.36794
261.63445	 20.49934
261.63384	 20.63075
261.63322	 20.76216
261.63261	 20.89356
262.09965	 21.02497
262.09903	 21.15637
262.09842	 21.28778
262.09781	 21.41919
262.09718	 21.55059
262.09657	 21.682
262.09596	 21.8134
262.563	 21.94481
262.56239	 22.07622
262.56177	 22.20762
262.56116	 22.33903
262.56054	 22.47043
262.55993	 22.60184
262.55931	 22.73325
262.5587	 22.86465
262.55809	 22.99606
263.02512	 23.12746
263.02451	 23.25887
263.0239	 23.39028
263.02328	 23.52168
263.02267	 23.65309
263.48971	 23.78449
263.48909	 23.9159
263.48848	 24.04731
263.48786	 24.17871
263.48725	 24.31012
263.95428	 24.44152
263.95367	 24.57293
263.95306	 24.70434
264.4201	 24.83574
264.41948	 24.96715
264.41887	 25.09855
264.41825	 25.22996
264.41764	 25.36137
264.41703	 25.49277
264.41641	 25.62418
264.4158	 25.75558
264.88283	 25.88699
264.88222	 26.0184
264.88161	 26.1498
264.88099	 26.28121
264.88038	 26.41261
264.87976	 26.54402
265.3468	 26.67543
265.34619	 26.80683
265.34557	 26.93824
265.34496	 27.06965
265.34433	 27.20105
265.34372	 27.33246
265.34311	 27.46386
265.3425	 27.59527
265.34189	 27.72668
265.80893	 27.85808
265.80831	 27.98949
265.8077	 28.12089
265.80708	 28.2523
266.27412	 28.38371
266.27351	 28.51511
266.27289	 28.64652
266.73993	 28.77792
266.73932	 28.90933
266.7387	 29.04074
267.20574	 29.17214
267.20513	 29.30355
267.20451	 29.43495
267.2039	 29.56636
267.20328	 29.69777
267.67032	 29.82917
267.66971	 29.96058
267.66909	 30.09198
267.66848	 30.22339
267.66787	 30.3548
267.66725	 30.4862
268.13429	 30.61761
268.13368	 30.74901
268.13306	 30.88042
268.13245	 31.01183
268.13183	 31.14323
268.13122	 31.27464
268.1306	 31.40604
268.59764	 31.53745
268.59703	 31.66886
268.59641	 31.80026
268.5958	 31.93167
268.59518	 32.06307
268.59457	 32.19448
269.06161	 32.32589
269.06099	 32.45729
269.06038	 32.5887
269.05977	 32.72011
269.05915	 32.85151
269.05854	 32.98292
269.52558	 33.11432
269.52496	 33.24573
269.52435	 33.37714
269.52373	 33.50854
269.52312	 33.63995
269.99016	 33.77135
269.98953	 33.90276
270.45658	 34.03417
270.45597	 34.16557
270.45535	 34.29698
270.92239	 34.42838
270.92178	 34.55979
271.38882	 34.6912
271.38819	 34.8226
271.38758	 34.95401
271.38697	 35.08541
271.38636	 35.21682
271.38574	 35.34823
271.85278	 35.47963
271.85217	 35.61104
271.85156	 35.74244
271.85094	 35.87385
272.31798	 36.00526
272.31737	 36.13666
272.31674	 36.26807
272.31613	 36.39947
272.31552	 36.53088
272.31491	 36.66229
272.78195	 36.79369
272.78133	 36.9251
273.24837	 37.0565
273.24776	 37.18791
273.71479	 37.31932
273.71418	 37.45072
274.18122	 37.58213
274.18061	 37.71353
274.17999	 37.84494
274.64703	 37.97635
274.64642	 38.10775
274.6458	 38.23916
275.11284	 38.37057
275.11223	 38.50197
275.11161	 38.63338
275.111	 38.76478
275.11038	 38.89619
275.57742	 39.0276
275.57681	 39.159
275.57619	 39.29041
275.57558	 39.42181
276.04262	 39.55322
276.042	 39.68462
276.04139	 39.81603
276.04078	 39.94743
276.50782	 40.07884
276.5072	 40.21025
276.97424	 40.34166
276.97363	 40.47306
277.44066	 40.60447
277.9077	 40.73587
277.90709	 40.86728
277.90648	 40.99868
278.37351	 41.13009
278.3729	 41.2615
278.83994	 41.3929
278.83933	 41.52431
278.8387	 41.65572
279.30575	 41.78712
279.30514	 41.91853
279.30452	 42.04993
279.77156	 42.18134
279.77095	 42.31274
280.23799	 42.44415
280.23737	 42.57555
280.70441	 42.70696
280.7038	 42.83836
281.17084	 42.96978
281.17022	 43.10118
281.63726	 43.23259
281.63665	 43.36399
281.63602	 43.4954
282.10307	 43.6268
282.10246	 43.75821
282.5695	 43.88961
282.56888	 44.02102
282.56827	 44.15243
283.03531	 44.28384
283.50234	 44.41524
283.50173	 44.54665
283.96877	 44.67805
284.43581	 44.80946
284.43519	 44.94086
284.90222	 45.07227
284.90161	 45.20368
284.901	 45.33509
285.36804	 45.46649
285.36743	 45.5979
285.36682	 45.72929
285.83385	 45.86071
285.83324	 45.99212
286.30027	 46.12352
286.29966	 46.25492
286.7667	 46.38633
287.23374	 46.51773
287.70078	 46.64915
288.16782	 46.78054
288.16721	 46.91196
288.63425	 47.04336
289.10129	 47.17477
289.10067	 47.30618
289.10006	 47.43758
289.5671	 47.56898
290.03414	 47.70039
290.50118	 47.83179
290.96822	 47.96321
290.9676	 48.09461
291.43464	 48.22602
291.90168	 48.35742
291.90107	 48.48883
292.3681	 48.62024
292.36749	 48.75164
292.83453	 48.88305
292.83392	 49.01445
293.30095	 49.14585
293.30034	 49.27727
293.76738	 49.40866
294.23442	 49.54008
294.70207	 49.54008
295.16911	 49.67147
295.63615	 49.80289
295.63554	 49.9343
296.10258	 50.0657
296.10196	 50.19711
296.569	 50.32852
297.03604	 50.45991
297.50308	 50.59133
297.97012	 50.72272
298.43716	 50.85414
298.9042	 50.98555
298.90358	 51.11695
299.37062	 51.24836
299.83766	 51.37976
300.3047	 51.51117
300.30409	 51.64258
300.77112	 51.77398
301.23817	 51.90539
301.70521	 52.03679
302.17225	 52.1682
302.63927	 52.29961
303.10632	 52.43101
303.57336	 52.56242
304.0404	 52.69382
304.50744	 52.82523
304.97448	 52.95664
305.44152	 53.08804
305.90856	 53.21945
306.3756	 53.35084
306.37499	 53.48226
306.84202	 53.61367
307.30906	 53.74507
307.30845	 53.87648
307.77549	 54.00788
308.24314	 54.00788
308.71079	 54.00788
309.17845	 54.00788
309.17784	 54.13929
309.64549	 54.13929
309.64488	 54.2707
310.11253	 54.2707
310.57957	 54.4021
311.04661	 54.53351
311.04599	 54.66491
311.04538	 54.79632
311.04477	 54.92773
311.51242	 54.92773
311.98007	 54.92773
312.44773	 54.92773
312.91476	 55.05913
313.38242	 55.05913
313.84946	 55.19054
314.3165	 55.32194
314.78354	 55.45335
315.25058	 55.58476
315.71823	 55.58476
315.71762	 55.71616
316.18466	 55.84757
316.6517	 55.97898
317.11874	 56.11038
317.58577	 56.24179
318.05281	 56.37319
318.51985	 56.5046
318.9875	 56.5046
319.45455	 56.63601
319.92159	 56.76741
320.38863	 56.89882
320.85567	 57.03022
321.32332	 57.03022
321.79036	 57.16163
322.2574	 57.29304
322.72505	 57.29304
323.19209	 57.42444
323.65913	 57.55585
324.12617	 57.68725
324.59321	 57.81866
325.06025	 57.95007
325.52729	 58.08147
325.99494	 58.08147
326.46198	 58.21288
326.92964	 58.21288
327.39668	 58.34428
327.86371	 58.47569
328.33075	 58.6071
328.79779	 58.7385
329.26545	 58.7385
329.73248	 58.86991
330.20014	 58.86991
330.66718	 59.00131
331.13483	 59.00131
331.60187	 59.13272
332.06891	 59.26413
332.53657	 59.26413
333.00361	 59.39553
333.47065	 59.52694
333.93769	 59.65834
334.40534	 59.65834
334.87238	 59.78975
335.33942	 59.92116
335.80646	 60.05256
336.27411	 60.05256
336.74115	 60.18397
337.20819	 60.31537
337.67523	 60.44678
338.14227	 60.57819
338.60992	 60.57819
339.07758	 60.57819
339.54462	 60.70959
340.01227	 60.70959
340.47931	 60.841
340.94635	 60.9724
341.414	 60.9724
341.88104	 61.10381
342.34808	 61.23522
342.81574	 61.23522
343.28339	 61.23522
343.75043	 61.36662
344.21808	 61.36662
344.68512	 61.49803
345.15216	 61.62943
345.6192	 61.76084
346.08685	 61.76084
346.55389	 61.89225
347.02155	 61.89225
347.48859	 62.02365
347.95624	 62.02365
348.42328	 62.15506
348.89032	 62.28647
349.35797	 62.28647
349.82501	 62.41787
350.29205	 62.54928
350.75971	 62.54928
351.22736	 62.54928
351.6944	 62.68068
352.16205	 62.68068
352.62909	 62.81209
353.09613	 62.9435
353.56379	 62.9435
354.03083	 63.0749
354.49787	 63.20631
354.96552	 63.20631
355.43256	 63.33771
355.90021	 63.33771
356.36725	 63.46912
356.83491	 63.46912
357.30256	 63.46912
357.77021	 63.46912
358.23725	 63.60053
358.70428	 63.73193
359.17195	 63.73193
359.63899	 63.86334
360.10664	 63.86334
360.57429	 63.86334
361.04133	 63.99474
361.50837	 64.12615
361.97603	 64.12615
362.44307	 64.25756
362.91072	 64.25756
363.37775	 64.38896
363.84541	 64.38896
364.31245	 64.52037
364.78011	 64.52037
365.24715	 64.65177
365.71418	 64.78318
366.18184	 64.78318
366.64949	 64.78318
367.11653	 64.91459
367.58419	 64.91459
368.05183	 64.91459
368.51888	 65.04599
368.98653	 65.04599
369.45357	 65.1774
369.92123	 65.1774
370.38888	 65.1774
370.85592	 65.3088
371.32358	 65.3088
371.79061	 65.44021
372.25765	 65.57162
372.72531	 65.57162
373.19235	 65.70302
373.66	 65.70302
374.12766	 65.70302
374.59469	 65.83443
375.06235	 65.83443
375.52939	 65.96583
375.99704	 65.96583
376.4647	 65.96583
376.93174	 66.09724
377.39939	 66.09724
377.86704	 66.09724
378.33408	 66.22865
378.80174	 66.22865
379.26878	 66.36005
379.73643	 66.36005
380.20347	 66.49146
380.67112	 66.49146
381.13816	 66.62286
381.60582	 66.62286
382.07286	 66.75427
382.54051	 66.75427
383.00755	 66.88568
383.4752	 66.88568
383.94286	 66.88568
384.41051	 66.88568
384.87817	 66.88568
385.3452	 67.01708
385.81286	 67.01708
386.2799	 67.14849
386.74694	 67.27989
387.21459	 67.27989
387.68225	 67.27989
388.14928	 67.4113
388.61694	 67.4113
389.08459	 67.4113
389.55225	 67.4113
390.01929	 67.54271
390.48694	 67.54271
390.95459	 67.54271
391.42225	 67.54271
391.88929	 67.67411
392.35694	 67.67411
392.82398	 67.80552
393.29163	 67.80552
393.75867	 67.93693
394.22633	 67.93693
394.69398	 67.93693
395.16102	 68.06833
395.62867	 68.06833
396.09571	 68.19974
396.56337	 68.19974
397.03102	 68.19974
397.49868	 68.19974
397.96633	 68.19974
398.43398	 68.19974
398.90102	 68.33114
399.36868	 68.33114
399.83572	 68.46255
400.30337	 68.46255
400.77041	 68.59396
401.23806	 68.59396
401.23745	 68.72536
401.70509	 68.72536
402.17276	 68.72536
402.64041	 68.72536
403.10807	 68.72536
403.57572	 68.72536
404.04276	 68.85677
404.51041	 68.85677
404.97807	 68.85677
405.44572	 68.85677
405.91276	 68.98817
406.38041	 68.98817
406.84745	 69.11958
407.31511	 69.11958
407.78276	 69.11958
408.25042	 69.11958
408.71807	 69.11958
409.1851	 69.25099
409.65276	 69.25099
410.1198	 69.38239
410.58746	 69.38239
411.0545	 69.5138
411.52215	 69.5138
411.9898	 69.5138
412.45746	 69.5138
412.92511	 69.5138
413.39215	 69.6452
413.8598	 69.6452
414.32745	 69.6452
414.7945	 69.77661
415.26215	 69.77661
415.72981	 69.77661
416.19746	 69.77661
416.6651	 69.77661
417.13215	 69.90802
417.59981	 69.90802
417.59919	 70.03942
418.06685	 70.03942
418.5345	 70.03942
419.00215	 70.03942
419.46981	 70.03942
419.93746	 70.03942
420.4045	 70.17083
420.87216	 70.17083
421.33981	 70.17083
421.80745	 70.17083
422.27512	 70.17083
422.74216	 70.30223
423.20981	 70.30223
423.67746	 70.30223
424.1445	 70.43364
424.61216	 70.43364
425.07981	 70.43364
425.54747	 70.43364
426.0145	 70.56505
426.48216	 70.56505
426.9492	 70.69645
427.41685	 70.69645
427.88451	 70.69645
428.35155	 70.82786
428.8192	 70.82786
429.28685	 70.82786
429.75451	 70.82786
430.22216	 70.82786
430.68982	 70.82786
431.15747	 70.82786
431.62451	 70.95926
432.09216	 70.95926
432.5592	 71.09067
433.02686	 71.09067
433.49451	 71.09067
433.96216	 71.09067
434.42981	 71.09067
434.89747	 71.09067
435.36451	 71.22208
435.83216	 71.22208
436.2992	 71.35348
436.76685	 71.35348
437.23451	 71.35348
437.70217	 71.35348
438.16982	 71.35348
438.63747	 71.35348
439.10513	 71.35348
439.57216	 71.48489
440.03982	 71.48489
440.50748	 71.48489
440.97513	 71.48489
441.44217	 71.61629
441.90981	 71.61629
442.37748	 71.61629
442.84452	 71.7477
443.31217	 71.7477
443.77982	 71.7477
444.24748	 71.7477
444.71513	 71.7477
445.18279	 71.7477
445.65044	 71.7477
446.11748	 71.8791
446.58513	 71.8791
447.05279	 71.8791
447.52044	 71.8791
447.98748	 72.01051
448.45513	 72.01051
448.92217	 72.14192
449.38983	 72.14192
449.85748	 72.14192
450.32514	 72.14192
450.79279	 72.14192
451.26044	 72.14192
451.7281	 72.14192
452.19575	 72.14192
452.6634	 72.14192
453.13044	 72.27332
453.5981	 72.27332
454.06514	 72.40473
454.53278	 72.40473
455.00045	 72.40473
455.4681	 72.40473
455.93575	 72.40473
456.40341	 72.40473
456.87106	 72.40473
457.33872	 72.40473
457.80575	 72.53614
458.27341	 72.53614
458.74045	 72.66754
459.2081	 72.66754
459.67576	 72.66754
460.14341	 72.66754
460.61106	 72.66754
461.0781	 72.79895
461.54576	 72.79895
462.01341	 72.79895
462.48106	 72.79895
462.94872	 72.79895
463.41637	 72.79895
463.88341	 72.93035
464.35107	 72.93035
464.81872	 72.93035
465.28637	 72.93035
465.75341	 73.06176
466.22107	 73.06176
466.68872	 73.06176
467.15638	 73.06176
467.62402	 73.06176
468.09168	 73.06176
468.55934	 73.06176
469.02638	 73.19317
469.49403	 73.19317
469.96167	 73.19317
470.42934	 73.19317
470.89699	 73.19317
471.36465	 73.19317
471.8323	 73.19317
472.29934	 73.32457
472.76698	 73.32457
473.23403	 73.45598
473.70169	 73.45598
474.16934	 73.45598
474.63699	 73.45598
475.10465	 73.45598
475.5723	 73.45598
476.03996	 73.45598
476.50761	 73.45598
476.97526	 73.45598
477.44292	 73.45598
477.91056	 73.45598
478.37761	 73.58739
478.84527	 73.58739
479.3123	 73.71879
479.77996	 73.71879
480.2476	 73.71879
480.71526	 73.71879
481.18292	 73.71879
481.65057	 73.71879
482.11761	 73.8502
482.58527	 73.8502
483.05292	 73.8502
483.52058	 73.8502
483.98823	 73.8502
484.45588	 73.8502
484.92354	 73.8502
485.39119	 73.8502
485.85885	 73.8502
486.3265	 73.8502
486.79415	 73.8502
487.26119	 73.9816
487.72885	 73.9816
488.1965	 73.9816
488.66476	 73.8502
489.13242	 73.8502
489.13304	 73.71879
489.60069	 73.71879
490.06896	 73.58739
490.53661	 73.58739
491.00427	 73.58739
491.47192	 73.58739
491.93957	 73.58739
492.40723	 73.58739
492.87488	 73.58739
493.34192	 73.71879
493.80958	 73.71879
494.27722	 73.71879
494.74488	 73.71879
495.21254	 73.71879
495.68019	 73.71879
496.14785	 73.71879
496.61489	 73.8502
497.08254	 73.8502
497.54958	 73.9816
498.01723	 73.9816
498.48489	 73.9816
498.95254	 73.9816
499.4202	 73.9816
499.88785	 73.9816
500.3555	 73.9816
500.82316	 73.9816
501.29081	 73.9816
501.75846	 73.9816
502.22611	 73.9816
502.69316	 74.11301
503.16081	 74.11301
503.62785	 74.24442
504.09551	 74.24442
504.56315	 74.24442
505.03081	 74.24442
505.49847	 74.24442
505.96612	 74.24442
506.43378	 74.24442
506.90143	 74.24442
507.36908	 74.24442
507.83674	 74.24442
508.30439	 74.24442
508.77143	 74.37582
509.23908	 74.37582
509.70674	 74.37582
510.17439	 74.37582
510.64205	 74.37582
511.1097	 74.37582
511.57735	 74.37582
512.04501	 74.37582
512.51266	 74.37582
512.9797	 74.50722
513.44736	 74.50722
513.91501	 74.50722
514.38205	 74.63863
514.8497	 74.63863
515.31735	 74.63863
515.78501	 74.63863
516.25266	 74.63863
516.72032	 74.63863
517.18797	 74.63863
517.65563	 74.63863
518.12328	 74.63863
518.59093	 74.63863
519.05859	 74.63863
519.52563	 74.77003
519.99328	 74.77003
520.46032	 74.90145
520.92797	 74.90145
521.39563	 74.90145
521.86328	 74.90145
522.33094	 74.90145
522.79859	 74.90145
523.26624	 74.90145
523.7339	 74.90145
524.20155	 74.90145
524.66921	 74.90145
525.13625	 75.03285
525.60389	 75.03285
526.07155	 75.03285
526.53921	 75.03285
527.00686	 75.03285
527.47452	 75.03285
527.94217	 75.03285
528.40982	 75.03285
528.87748	 75.03285
529.34513	 75.03285
529.81278	 75.03285
530.28044	 75.03285
530.74809	 75.03285
531.21574	 75.03285
531.68279	 75.16426
532.15044	 75.16426
532.61748	 75.29566
533.08513	 75.29566
533.55279	 75.29566
534.02044	 75.29566
534.4881	 75.29566
534.95575	 75.29566
535.4234	 75.29566
535.89106	 75.29566
536.3587	 75.29566
536.82636	 75.29566
537.29402	 75.29566
537.76167	 75.29566
538.22933	 75.29566
538.69698	 75.29566
539.16463	 75.29566
539.63167	 75.42707
540.09933	 75.42707
540.56637	 75.55847
541.03402	 75.55847
541.50168	 75.55847
541.96933	 75.55847
542.43698	 75.55847
542.90464	 75.55847
543.37229	 75.55847
543.83994	 75.55847
544.30759	 75.55847
544.77525	 75.55847
545.24291	 75.55847
545.71056	 75.55847
546.17821	 75.55847
546.64524	 75.68988
547.11291	 75.68988
547.58056	 75.68988
548.04822	 75.68988
548.51587	 75.68988
548.98352	 75.68988
549.45118	 75.68988
549.91883	 75.68988
550.38649	 75.68988
550.85414	 75.68988
551.32179	 75.68988
551.78945	 75.68988
552.25709	 75.68988
552.72475	 75.68988
553.19241	 75.68988
553.66006	 75.68988
554.1271	 75.82128
554.59476	 75.82128
555.06241	 75.82128
555.52945	 75.95269
555.9971	 75.95269
556.46476	 75.95269
556.93241	 75.95269
557.40007	 75.95269
557.86772	 75.95269
558.33537	 75.95269
558.80303	 75.95269
559.27068	 75.95269
559.73834	 75.95269
560.20599	 75.95269
560.67364	 75.95269
561.1413	 75.95269
561.60895	 75.95269
562.0766	 75.95269
562.54364	 76.0841
563.0113	 76.0841
563.47834	 76.21551
563.94599	 76.21551
564.41365	 76.21551
564.8813	 76.21551
565.34894	 76.21551
565.8166	 76.21551
566.28426	 76.21551
566.75192	 76.21551
567.21957	 76.21551
567.68722	 76.21551
568.15488	 76.21551
568.62253	 76.21551
569.09018	 76.21551
569.55722	 76.34691
570.02488	 76.34691
570.49253	 76.34691
570.96018	 76.34691
571.42784	 76.34691
571.89549	 76.34691
572.36315	 76.34691
572.8308	 76.34691
573.29846	 76.34691
573.7661	 76.34691
574.23376	 76.34691
574.70142	 76.34691
575.16907	 76.34691
575.63673	 76.34691
576.10438	 76.34691
576.57203	 76.34691
577.03907	 76.47832
577.50673	 76.47832
577.97377	 76.60972
578.44142	 76.60972
578.90907	 76.60972
579.37673	 76.60972
579.84438	 76.60972
580.31204	 76.60972
580.77969	 76.60972
581.24734	 76.60972
581.71499	 76.60972
582.18265	 76.60972
582.65031	 76.60972
583.11796	 76.60972
583.58561	 76.60972
584.05327	 76.60972
584.52092	 76.60972
584.98857	 76.60972
585.45623	 76.60972
585.92327	 76.74113
586.39092	 76.74113
586.85858	 76.74113
587.32623	 76.74113
587.79327	 76.87253
588.26092	 76.87253
588.72858	 76.87253
589.19623	 76.87253
589.66388	 76.87253
590.13154	 76.87253
590.59919	 76.87253
591.06685	 76.87253
591.5345	 76.87253
592.00215	 76.87253
592.46981	 76.87253
592.93746	 76.87253
593.40512	 76.87253
593.87277	 76.87253
594.34042	 76.87253
594.80808	 76.87253
595.27512	 77.00394
595.74277	 77.00394
596.21043	 77.00394
596.67808	 77.00394
597.14573	 77.00394
597.61338	 77.00394
598.08104	 77.00394
598.5487	 77.00394
599.01635	 77.00394
599.484	 77.00394
599.95166	 77.00394
600.41931	 77.00394
600.88697	 77.00394
601.35462	 77.00394
601.82227	 77.00394
602.28993	 77.00394
602.75758	 77.00394
603.22523	 77.00394
603.69289	 77.00394
604.16054	 77.00394
604.6282	 77.00394
605.09524	 77.13535
605.56289	 77.13535
606.02993	 77.26675
606.49758	 77.26675
606.96524	 77.26675
607.43289	 77.26675
607.90055	 77.26675
608.3682	 77.26675
608.83585	 77.26675
609.30351	 77.26675
609.77116	 77.26675
610.23881	 77.26675
610.70647	 77.26675
611.17412	 77.26675
611.64178	 77.26675
612.10943	 77.26675
612.57708	 77.26675
613.04474	 77.26675
613.51239	 77.26675
613.98004	 77.26675
614.4477	 77.26675
614.91535	 77.26675
615.38301	 77.26675
615.85066	 77.26675
616.31769	 77.39816
616.78535	 77.39816
617.25301	 77.39816
617.72066	 77.39816
618.18832	 77.39816
618.65597	 77.39816
619.12363	 77.39816
619.59128	 77.39816
620.05893	 77.39816
620.52659	 77.39816
620.99424	 77.39816
621.46189	 77.39816
621.92954	 77.39816
622.3972	 77.39816
622.86486	 77.39816
623.33251	 77.39816
623.80016	 77.39816
624.26782	 77.39816
624.73546	 77.39816
625.20313	 77.39816
625.67078	 77.39816
626.13843	 77.39816
626.60547	 77.52957
627.07313	 77.52957
627.54017	 77.66096
628.00782	 77.66096
628.47547	 77.66096
628.94313	 77.66096
629.41078	 77.66096
629.87843	 77.66096
630.34609	 77.66096
630.81374	 77.66096
631.2814	 77.66096
631.74905	 77.66096
632.21671	 77.66096
632.68435	 77.66096
633.15201	 77.66096
633.61967	 77.66096
634.08732	 77.66096
634.55498	 77.66096
635.02263	 77.66096
635.49028	 77.66096
635.95794	 77.66096
636.42559	 77.66096
636.89325	 77.66096
637.3609	 77.66096
637.82855	 77.66096
638.2962	 77.66096
638.76325	 77.79238
639.2309	 77.79238
639.69794	 77.92378
640.16559	 77.92378
640.63324	 77.92378
641.1009	 77.92378
641.56856	 77.92378
642.03621	 77.92378
642.50386	 77.92378
642.97152	 77.92378
643.43917	 77.92378
643.90683	 77.92378
644.37448	 77.92378
644.84213	 77.92378
645.30979	 77.92378
645.77744	 77.92378
646.2451	 77.92378
646.71275	 77.92378
647.1804	 77.92378
647.64806	 77.92378
648.11571	 77.92378
648.58335	 77.92378
649.05102	 77.92378
649.51867	 77.92378
649.98633	 77.92378
650.45398	 77.92378
650.92102	 78.05519
651.38867	 78.05519
651.85633	 78.05519
652.32398	 78.05519
652.79164	 78.05519
653.25929	 78.05519
653.72694	 78.05519
654.19459	 78.05519
654.66225	 78.05519
655.12991	 78.05519
655.59756	 78.05519
656.06521	 78.05519
656.53287	 78.05519
657.00052	 78.05519
657.46818	 78.05519
657.93583	 78.05519
658.40348	 78.05519
658.87114	 78.05519
659.33879	 78.05519
659.80644	 78.05519
660.2741	 78.05519
660.74175	 78.05519
661.20941	 78.05519
661.67706	 78.05519
662.14471	 78.05519
662.61236	 78.05519
663.08002	 78.05519
663.54706	 78.18659
664.01472	 78.18659
664.48176	 78.318
664.9494	 78.318
665.41706	 78.318
665.88472	 78.318
666.35237	 78.318
666.82002	 78.318
667.28768	 78.318
667.75532	 78.318
668.22299	 78.318
668.69064	 78.318
669.15829	 78.318
669.62595	 78.318
670.0936	 78.318
670.56125	 78.318
671.02891	 78.318
671.49656	 78.318
671.96422	 78.318
672.43187	 78.318
672.89953	 78.318
673.36718	 78.318
673.83483	 78.318
674.30249	 78.318
674.77014	 78.318
675.2378	 78.318
675.70545	 78.318
676.1731	 78.318
676.64076	 78.318
677.10841	 78.318
677.57607	 78.318
678.0431	 78.4494
678.51075	 78.4494
678.9778	 78.58081
679.44545	 78.58081
679.91311	 78.58081
680.38076	 78.58081
680.8484	 78.58081
681.31607	 78.58081
681.78372	 78.58081
682.25138	 78.58081
682.71903	 78.58081
683.18668	 78.58081
683.65434	 78.58081
684.12199	 78.58081
684.58965	 78.58081
685.0573	 78.58081
685.52495	 78.58081
685.99261	 78.58081
686.46026	 78.58081
686.92791	 78.58081
687.39557	 78.58081
687.86322	 78.58081
688.33088	 78.58081
688.79853	 78.58081
689.26618	 78.58081
689.73384	 78.58081
690.20149	 78.58081
690.66915	 78.58081
691.1368	 78.58081
691.60445	 78.58081
692.07149	 78.71221
692.53915	 78.71221
693.0068	 78.71221
693.47446	 78.71221
693.94211	 78.71221
694.40976	 78.71221
694.87741	 78.71221
695.34507	 78.71221
695.81273	 78.71221
696.28038	 78.71221
696.74803	 78.71221
697.21569	 78.71221
697.68333	 78.71221
698.151	 78.71221
698.61865	 78.71221
699.0863	 78.71221
699.55396	 78.71221
700.02161	 78.71221
700.48926	 78.71221
700.95692	 78.71221
701.42457	 78.71221
701.89223	 78.71221
702.35988	 78.71221
702.82752	 78.71221
703.29519	 78.71221
703.76284	 78.71221
704.2305	 78.71221
704.69815	 78.71221
705.1658	 78.71221
705.63346	 78.71221
706.10111	 78.71221
706.56877	 78.71221
707.03642	 78.71221
707.50407	 78.71221
707.97173	 78.71221
708.43876	 78.84363
708.90642	 78.84363
709.37346	 78.97502
709.84111	 78.97502
710.30877	 78.97502
710.77641	 78.97502
711.24408	 78.97502
711.71173	 78.97502
712.17938	 78.97502
712.64704	 78.97502
713.11469	 78.97502
713.58235	 78.97502
714.05	 78.97502
714.51765	 78.97502
714.98531	 78.97502
715.45296	 78.97502
715.92062	 78.97502
716.38827	 78.97502
716.85592	 78.97502
717.32358	 78.97502
717.79123	 78.97502
718.25889	 78.97502
718.72654	 78.97502
719.19419	 78.97502
719.66185	 78.97502
720.1295	 78.97502
720.59715	 78.97502
721.06481	 78.97502
721.53246	 78.97502
722.00012	 78.97502
722.46777	 78.97502
722.93542	 78.97502
723.40308	 78.97502
723.87073	 78.97502
724.33777	 79.10644
724.80542	 79.10644
725.27308	 79.10644
725.74073	 79.10644
726.20839	 79.10644
726.67604	 79.10644
727.1437	 79.10644
727.61134	 79.10644
728.079	 79.10644
728.54604	 79.23784
729.0137	 79.23784
729.48135	 79.23784
729.94899	 79.23784
730.41666	 79.23784
730.88431	 79.23784
731.35197	 79.23784
731.81962	 79.23784
732.28727	 79.23784
732.75492	 79.23784
733.22258	 79.23784
733.69024	 79.23784
734.15789	 79.23784
734.62554	 79.23784
735.0932	 79.23784
735.56084	 79.23784
736.02851	 79.23784
736.49616	 79.23784
736.96381	 79.23784
737.43147	 79.23784
737.89912	 79.23784
738.36677	 79.23784
738.83443	 79.23784
739.30208	 79.23784
739.76974	 79.23784
740.23739	 79.23784
740.70505	 79.23784
741.1727	 79.23784
741.64035	 79.23784
742.10801	 79.23784
742.57566	 79.23784
743.04331	 79.23784
743.51097	 79.23784
743.97862	 79.23784
744.44628	 79.23784
744.91393	 79.23784
745.38158	 79.23784
745.84924	 79.23784
746.31689	 79.23784
746.78454	 79.23784
747.2522	 79.23784
747.71985	 79.23784
748.18751	 79.23784
748.65516	 79.23784
749.12282	 79.23784
749.58986	 79.36925
750.05751	 79.36925
750.52516	 79.36925
750.99282	 79.36925
751.46047	 79.36925
751.92813	 79.36925
752.39578	 79.36925
752.86343	 79.36925
753.33109	 79.36925
753.79874	 79.36925
754.26639	 79.36925
754.73404	 79.36925
755.2017	 79.36925
755.66936	 79.36925
756.13701	 79.36925
756.60466	 79.36925
757.07232	 79.36925
757.53996	 79.36925
758.00763	 79.36925
758.47528	 79.36925
758.94293	 79.36925
759.41059	 79.36925
759.87824	 79.36925
760.34589	 79.36925
760.81355	 79.36925
761.2812	 79.36925
761.74886	 79.36925
762.21651	 79.36925
762.68417	 79.36925
763.15121	 79.50065
763.61824	 79.63206
764.08528	 79.76346
764.55232	 79.89488
