186.03044	 5.37897
186.02644	 5.46867
186.02245	 5.55985
186.01846	 5.65255
186.75753	 5.74678
186.75352	 5.84261
186.74951	 5.94002
186.7455	 6.03906
186.74149	 6.13975
186.73748	 6.24212
186.73347	 6.3462
186.72946	 6.45201
187.47538	 6.45201
187.47136	 6.55958
187.46733	 6.66895
187.4633	 6.78013
188.20812	 6.89319
188.20408	 7.00812
188.20004	 7.12497
188.196	 7.24376
188.94372	 7.36453
188.93967	 7.48733
189.69035	 7.61216
189.68627	 7.73908
189.6822	 7.86812
189.67813	 7.99929
190.43174	 8.13267
190.42764	 8.26827
191.18424	 8.40613
191.18014	 8.54629
191.93971	 8.68878
191.9356	 8.83365
191.93148	 8.98092
192.69818	 8.98092
192.69404	 9.13067
193.45964	 9.28291
193.45549	 9.43768
194.22411	 9.59504
194.99577	 9.75502
194.9916	 9.91766
194.98741	 10.08302
194.98322	 10.25114
195.75792	 10.42205
195.7537	 10.59582
196.53146	 10.77249
196.52724	 10.9521
197.31231	 10.9521
198.09625	 11.1347
198.092	 11.32035
198.87904	 11.5091
199.6735	 11.5091
199.66921	 11.70099
200.46252	 11.89608
200.45822	 12.09443
200.45391	 12.29608
201.25034	 12.50109
201.24602	 12.70952
202.04993	 12.70952
202.8527	 12.92143
202.84835	 13.13687
203.65429	 13.3559
204.46782	 13.3559
204.46343	 13.57859
205.27579	 13.80498
206.09137	 14.03516
206.9102	 14.26917
207.73674	 14.26917
207.73228	 14.50708
208.55762	 14.74895
209.39074	 14.74895
210.22268	 14.99486
211.05792	 15.24488
211.89646	 15.49905
212.73836	 15.75747
213.58818	 15.75747
214.4368	 16.0202
215.28878	 16.2873
216.14415	 16.55886
217.00291	 16.83495
217.86509	 17.11564
218.7307	 17.401
219.59974	 17.69113
220.47223	 17.98611
221.3482	 18.28599
222.22764	 18.59087
223.11058	 18.90084
224.00183	 18.90084
224.89182	 19.21598
225.79019	 19.21598
226.69215	 19.21598
227.59282	 19.53637
227.58793	 19.86209
228.49217	 20.19326
229.40492	 20.19326
229.4	 20.52995
230.31143	 20.87224
231.23145	 20.87224
232.15016	 21.22025
233.07252	 21.57405
234.00357	 21.57405
234.93329	 21.93376
235.87178	 21.93376
235.8667	 22.29946
236.80384	 22.67127
237.74979	 22.67127
238.6944	 23.04927
239.64276	 23.43357
240.59489	 23.82428
241.5508	 24.2215
242.51051	 24.62535
243.47926	 24.62535
244.44664	 25.03593
245.42312	 25.03593
245.41785	 25.45336
246.39822	 25.45336
247.37719	 25.87774
248.36538	 25.87774
249.35216	 26.3092
250.34825	 26.3092
251.34831	 26.3092
252.34694	 26.74786
253.34955	 27.19383
254.3616	 27.19383
254.35614	 27.64724
255.36672	 28.1082
256.38683	 28.1082
257.40549	 28.57684
258.42819	 29.05331
259.46052	 29.05331
260.49139	 29.53772
261.53197	 29.53772
261.52636	 30.03021
262.56543	 30.5309
263.6143	 30.5309
263.60863	 31.03995
264.66167	 31.03995
265.7132	 31.55748
266.77464	 31.55748
267.83456	 32.08364
268.90448	 32.08364
269.97866	 32.08364
271.05132	 32.61858
272.12824	 33.16243
273.20944	 33.71535
274.30081	 33.71535
275.39065	 34.27749
276.48481	 34.849
277.58332	 35.43004
278.69217	 35.43004
279.79945	 36.02077
280.91113	 36.62135
282.02722	 37.23194
283.14775	 37.85271
284.27273	 38.48383
285.40218	 39.12547
286.53612	 39.77782
287.67456	 40.44104
287.66838	 41.11531
288.81132	 41.80083
288.80512	 42.49778
289.9588	 42.49778
291.1171	 42.49778
292.28	 42.49778
293.44128	 43.20635
294.60714	 43.92673
295.77766	 44.65913
296.95282	 45.40373
298.13905	 45.40373
299.32359	 46.16075
299.31717	 46.9304
300.50639	 47.71287
301.70682	 47.71287
302.90554	 48.50839
304.11555	 48.50839
305.33039	 48.50839
306.54349	 49.31718
307.76144	 50.13945
308.98421	 50.97543
310.2185	 50.97543
310.21184	 51.82534
311.45103	 51.82534
312.69518	 51.82534
313.9443	 51.82534
315.19164	 52.68943
316.45073	 52.68943
317.70801	 53.56793
318.97031	 54.46106
320.2445	 54.46106
321.51687	 55.36911
322.80122	 55.36911
324.08375	 56.29227
325.37138	 57.23085
326.66411	 58.18506
327.96199	 59.15519
327.95495	 60.14148
329.25795	 61.14423
330.56613	 62.16369
331.87951	 63.20015
333.20526	 63.20015
333.19811	 64.2539
334.52912	 64.2539
335.85825	 65.32521
337.1999	 65.32521
338.53963	 66.41438
339.89198	 66.41438
341.24242	 67.52171
342.60557	 67.52171
343.96679	 68.64751
345.34082	 68.64751
346.71289	 69.79207
348.09043	 70.95572
349.48094	 70.95572
349.47344	 72.13877
350.86947	 72.13877
352.27108	 72.13877
353.6707	 73.34155
355.0835	 73.34155
356.49429	 74.56437
357.91837	 74.56437
359.34814	 74.56437
360.78362	 74.56437
362.21705	 75.80759
363.66399	 75.80759
365.11671	 75.80759
366.56735	 77.07155
368.03168	 77.07155
369.50185	 77.07155
370.96993	 78.35657
372.45183	 78.35657
373.93966	 78.35657
375.43342	 78.35657
376.92506	 79.663
378.43076	 79.663
379.94247	 79.663
381.45202	 80.99124
382.9758	 80.99124
384.49741	 82.34162
386.03335	 82.34162
387.57542	 82.34162
389.12367	 82.34162
390.67809	 82.34162
392.23872	 82.34162
393.79714	 83.71451
395.37023	 83.71451
396.9496	 83.71451
398.53529	 83.71451
400.12731	 83.71451
401.72569	 83.71451
403.33046	 83.71451
404.94163	 83.71451
406.55924	 83.71451
408.18332	 83.71451
409.81388	 83.71451
411.45095	 83.71451
413.09456	 83.71451
414.74474	 83.71451
416.40152	 83.71451
418.0649	 83.71451
419.73494	 83.71451
421.41164	 83.71451
423.09505	 83.71451
424.78518	 83.71451
426.48206	 83.71451
428.18571	 83.71451
429.89618	 83.71451
431.61347	 83.71451
433.34694	 82.34162
435.07802	 82.34162
436.81601	 82.34162
438.56095	 82.34162
440.31286	 82.34162
442.08125	 80.99124
443.84723	 80.99124
445.62026	 80.99124
447.40998	 79.663
449.19723	 79.663
450.99163	 79.663
452.80291	 78.35657
454.61172	 78.35657
456.42775	 78.35657
458.26087	 77.07155
460.09148	 77.07155
461.9393	 75.80759
463.78461	 75.80759
465.64727	 74.56437
467.50739	 74.56437
469.37493	 74.56437
471.26005	 73.34155
473.15274	 72.13877
475.05303	 70.95572
476.95072	 70.95572
478.86626	 69.79207
480.78949	 68.64751
482.72047	 67.52171
484.64878	 67.52171
486.59524	 66.41438
488.53904	 66.41438
490.50112	 65.32521
490.51166	 64.2539
492.48167	 63.20015
494.45959	 62.16369
496.44545	 61.14423
498.42859	 61.14423
498.4393	 60.14148
500.44115	 59.15519
502.45103	 58.18506
504.46899	 57.23085
506.49506	 56.29227
508.52927	 55.36911
510.57164	 54.46106
510.5826	 53.56793
512.63322	 52.68943
514.69208	 51.82534
516.75919	 50.97543
518.83463	 50.13945
518.84577	 49.31718
520.92958	 48.50839
523.02176	 47.71287
525.12233	 46.9304
527.23135	 46.16075
527.24267	 45.40373
529.34883	 45.40373
529.3602	 44.65913
531.48624	 43.92673
531.49765	 43.20635
533.63227	 42.49778
535.77546	 41.80083
535.78697	 41.11531
537.93881	 40.44104
540.0993	 39.77782
540.1109	 39.12547
542.28011	 38.48383
544.45804	 37.85271
544.46973	 37.23194
546.65645	 36.62135
546.66818	 36.02077
548.86372	 35.43004
548.87551	 34.849
551.07993	 34.27749
551.09176	 33.71535
553.30508	 33.16243
553.31696	 32.61858
555.53921	 32.08364
555.55114	 31.55748
557.78236	 31.03995
557.79434	 30.5309
560.03458	 30.03021
560.0466	 29.53772
560.05863	 29.05331
562.30795	 28.57684
564.56631	 28.1082
564.57844	 27.64724
564.59056	 27.19383
566.85809	 26.74786
566.87026	 26.3092
566.88243	 25.87774
569.15917	 25.45336
569.17139	 25.03593
569.18361	 24.62535
571.46959	 24.2215
571.48186	 23.82428
571.49413	 23.43357
573.78938	 23.04927
573.80169	 22.67127
576.10623	 22.29946
576.1186	 21.93376
576.13097	 21.57405
578.44485	 21.22025
578.45727	 20.87224
578.46969	 20.52995
580.79295	 20.19326
580.80542	 19.86209
580.81789	 19.53637
580.83037	 19.21598
583.16312	 18.90084
583.17565	 18.59087
583.18817	 18.28599
585.53039	 17.98611
585.54295	 17.69113
585.55554	 17.401
587.90726	 17.11564
587.91989	 16.83495
587.93251	 16.55886
590.29379	 16.2873
590.30646	 16.0202
590.31914	 15.75747
590.33181	 15.49905
592.70272	 15.24488
592.71545	 14.99486
592.72818	 14.74895
592.74091	 14.50708
595.1215	 14.26917
595.13427	 14.03516
595.14705	 13.80498
595.15983	 13.57859
597.55013	 13.3559
597.56297	 13.13687
597.5758	 12.92143
597.58863	 12.70952
597.60145	 12.50109
600.00157	 12.29608
600.01445	 12.09443
600.02734	 11.89608
600.04022	 11.70099
602.45012	 11.5091
602.46306	 11.32035
602.476	 11.1347
604.89568	 10.9521
604.90866	 10.77249
604.92166	 10.59582
604.93465	 10.42205
604.94764	 10.25114
607.37725	 10.08302
607.39029	 9.91766
607.40334	 9.75502
607.41638	 9.59504
609.85591	 9.43768
609.869	 9.28291
609.88209	 9.13067
609.89519	 8.98092
612.34467	 8.83365
612.35782	 8.68878
612.37097	 8.54629
612.38412	 8.40613
612.39727	 8.26827
612.41042	 8.13267
612.42357	 7.99929
612.43672	 7.86812
614.89641	 7.73908
614.90961	 7.61216
617.37924	 7.48733
617.39249	 7.36453
617.40575	 7.24376
619.8854	 7.12497
619.89871	 7.00812
619.91202	 6.89319
619.92533	 6.78013
619.93864	 6.66895
622.42846	 6.55958
622.44183	 6.45201
622.45519	 6.3462
622.46856	 6.24212
624.96854	 6.13975
624.98196	 6.03906
624.99538	 5.94002
625.0088	 5.84261
625.02222	 5.74678
627.53246	 5.65255
627.54593	 5.55985
627.55941	 5.46867
627.57288	 5.37897
630.09336	 5.29077
630.10689	 5.204
630.12042	 5.11866
630.13395	 5.03471
630.14748	 4.95215
632.6783	 4.87093
632.69189	 4.79105
632.70547	 4.71248
632.71906	 4.6352
632.73265	 4.55918
632.74623	 4.48441
632.75982	 4.41087
635.30113	 4.33853
635.31477	 4.26738
635.32842	 4.1974
635.34206	 4.12856
635.3557	 4.06086
635.36934	 3.99426
635.38299	 3.92875
637.93483	 3.86432
637.94852	 3.80095
637.96223	 3.73862
637.97593	 3.6773
637.98963	 3.617
638.00333	 3.55768
638.01703	 3.49934
640.57945	 3.44195
640.59321	 3.3855
640.60696	 3.32998
640.62072	 3.27537
640.63448	 3.22165
640.64822	 3.16882
640.66198	 3.11685
640.67574	 3.06574
643.24885	 3.01546
643.26266	 2.96601
643.27647	 2.91737
643.29029	 2.86952
643.3041	 2.82246
645.88776	 2.77618
645.90163	 2.73065
645.9155	 2.68587
645.92937	 2.64182
645.94323	 2.59849
645.95711	 2.55588
645.97098	 2.51396
645.98485	 2.47274
648.56535	 2.47274
648.57928	 2.43218
648.5932	 2.3923
648.60713	 2.35306
648.62106	 2.31447
648.63499	 2.27652
648.6489	 2.23918
648.66284	 2.20246
648.67676	 2.16634
648.6907	 2.13082
648.70462	 2.09587
651.30998	 2.0615
651.32397	 2.02769
651.33795	 1.99444
651.35194	 1.96173
651.36592	 1.92956
651.37991	 1.89791
653.98196	 1.89791
653.99601	 1.86679
654.01005	 1.83617
654.02409	 1.80606
654.03814	 1.77644
654.05218	 1.74731
654.06622	 1.71865
654.08027	 1.69047
654.09431	 1.66275
654.10836	 1.63548
654.1224	 1.60866
656.74951	 1.58226
656.76362	 1.55633
656.77772	 1.5308
656.79182	 1.5057
656.80592	 1.48101
656.82003	 1.45672
656.83413	 1.43283
656.84823	 1.40933
659.48629	 1.38622
659.50044	 1.36348
659.51461	 1.34112
659.52878	 1.31913
659.54294	 1.29749
662.19181	 1.27622
659.57126	 1.25529
659.58543	 1.2347
662.23448	 1.21445
662.2487	 1.19454
662.26292	 1.17495
662.27714	 1.15568
662.29136	 1.13672
662.30558	 1.11808
662.31979	 1.09975
664.97983	 1.08171
664.99411	 1.06397
665.00839	 1.04652
665.02267	 1.02936
665.03695	 1.01248
665.05122	 0.99587
665.06551	 0.97954
667.73657	 0.96348
667.75091	 0.94768
667.76525	 0.93214
667.77959	 0.91685
667.79392	 0.90181
667.80826	 0.88702
667.8226	 0.87248
667.83694	 0.85816
670.51913	 0.8441
670.53352	 0.83025
670.54793	 0.81664
670.56233	 0.80324
670.57673	 0.79007
670.59113	 0.77711
670.60553	 0.76437
673.29884	 0.75183
673.31329	 0.7395
673.32775	 0.72738
673.34221	 0.71545
673.35667	 0.70371
673.37113	 0.69217
673.38559	 0.68082
673.40004	 0.66966
676.09006	 0.66966
676.10458	 0.65868
676.1191	 0.64787
676.13361	 0.63724
676.14813	 0.6268
676.16265	 0.61652
676.17717	 0.60641
676.19169	 0.59646
676.20621	 0.58667
676.22073	 0.57706
678.92201	 0.57706
678.93659	 0.5676
678.95116	 0.55829
678.96574	 0.54913
678.98033	 0.54013
678.99491	 0.53127
679.00949	 0.52256
679.02407	 0.51399
679.03865	 0.50556
679.05323	 0.49726
679.06781	 0.48911
679.08239	 0.48109
681.79511	 0.48109
681.80975	 0.4732
681.82439	 0.46544
681.83903	 0.45781
681.85367	 0.4503
681.86831	 0.44291
681.88295	 0.43564
681.89759	 0.42851
681.91223	 0.42148
681.92688	 0.41456
681.94152	 0.40777
681.95616	 0.40107
681.97081	 0.3945
684.70976	 0.38803
684.72446	 0.38167
684.73917	 0.37541
684.75387	 0.36925
684.76857	 0.3632
684.78328	 0.35724
684.79798	 0.35138
684.81269	 0.34562
684.82738	 0.33995
687.57782	 0.33438
687.59257	 0.32889
687.60734	 0.3235
687.62211	 0.31819
687.63688	 0.31298
687.65164	 0.30784
687.66641	 0.3028
687.68118	 0.29783
687.69594	 0.29295
690.45789	 0.28814
690.47272	 0.28342
690.48754	 0.27877
690.50237	 0.2742
690.51719	 0.2697
690.53202	 0.26528
690.54685	 0.26093
690.56168	 0.25665
693.33514	 0.25244
693.35003	 0.2483
693.36491	 0.24423
